[LEFT_CAM_2K]
cx=1121.99
cy=645.775
fx=1399.51
fy=1399.51
k1=-0.173459
k2=0.0278687

[LEFT_CAM_FHD]
cx=977.988
cy=564.775
fx=1399.51
fy=1399.51
k1=-0.173459
k2=0.0278687

[LEFT_CAM_HD]
cx=647.494
cy=370.888
fx=699.753
fy=699.753
k1=-0.173459
k2=0.0278687

[LEFT_CAM_VGA]
cx=338.747
cy=192.444
fx=349.876
fy=349.876
k1=-0.173459
k2=0.0278687

[RIGHT_CAM_2K]
cx=1183.26
cy=659.875
fx=1400.03
fy=1400.03
k1=-0.173199
k2=0.0276694

[RIGHT_CAM_FHD]
cx=1039.26
cy=578.875
fx=1400.03
fy=1400.03
k1=-0.173199
k2=0.0276694

[RIGHT_CAM_HD]
cx=678.128
cy=377.938
fx=700.016
fy=700.016
k1=-0.173199
k2=0.0276694

[RIGHT_CAM_VGA]
cx=354.064
cy=195.969
fx=350.008
fy=350.008
k1=-0.173199
k2=0.0276694

[STEREO]
BaseLine=120.123
CV_2K=-0.00379051
CV_FHD=-0.00379051
CV_HD=-0.00379051
CV_VGA=-0.00379051
RX_2K=0.00720381
RX_FHD=0.00720381
RX_HD=0.00720381
RX_VGA=0.00720381
RZ_2K=-0.000338895
RZ_FHD=-0.000338895
RZ_HD=-0.000338895
RZ_VGA=-0.000338895
