[LEFT_CAM_2K]
cx=1118.55
cy=652.343
fx=1398.11
fy=1398.11
k1=-0.172966
k2=0.0276472


[LEFT_CAM_FHD]
cx=974.555
cy=571.343
fx=1398.11
fy=1398.11
k1=-0.172966
k2=0.0276472


[LEFT_CAM_HD]
cx=645.777
cy=374.172
fx=699.056
fy=699.056
k1=-0.172966
k2=0.0276472


[LEFT_CAM_VGA]
cx=337.889
cy=194.086
fx=349.528
fy=349.528
k1=-0.172966
k2=0.0276472


[RIGHT_CAM_2K]
cx=1177.88
cy=661.035
fx=1400.33
fy=1400.33
k1=-0.171755
k2=0.026502


[RIGHT_CAM_FHD]
cx=1033.88
cy=580.035
fx=1400.33
fy=1400.33
k1=-0.171755
k2=0.026502


[RIGHT_CAM_HD]
cx=675.44
cy=378.517
fx=700.164
fy=700.164
k1=-0.171755
k2=0.026502


[RIGHT_CAM_VGA]
cx=352.72
cy=196.259
fx=350.082
fy=350.082
k1=-0.171755
k2=0.026502


[STEREO]
BaseLine=120.119
CV_2K=-0.00372611
CV_FHD=-0.00372611
CV_HD=-0.00372611
CV_VGA=-0.00372611
RX_2K=0.0034309
RX_FHD=0.0034309
RX_HD=0.0034309
RX_VGA=0.0034309
RZ_2K=-0.000334063
RZ_FHD=-0.000334063
RZ_HD=-0.000334063
RZ_VGA=-0.000334063
