[LEFT_CAM_2K]
fx=1399.49
fy=1399.49
cx=1218.75
cy=625.95
k1=-0.174613
k2=0.0257375

[RIGHT_CAM_2K]
fx=1400.72
fy=1400.72
cx=1201.26
cy=685.576
k1=-0.176231
k2=0.0284887

[LEFT_CAM_FHD]
fx=1399.49
fy=1399.49
cx=1074.75
cy=544.95
k1=-0.174613
k2=0.0257375

[RIGHT_CAM_FHD]
fx=1400.72
fy=1400.72
cx=1057.26
cy=604.576
k1=-0.176231
k2=0.0284887

[LEFT_CAM_HD]
fx=699.744
fy=699.744
cx=695.874
cy=360.975
k1=-0.174613
k2=0.0257375

[RIGHT_CAM_HD]
fx=700.361
fy=700.361
cx=687.129
cy=390.788
k1=-0.176231
k2=0.0284887

[LEFT_CAM_VGA]
fx=349.872
fy=349.872
cx=363.437
cy=187.988
k1=-0.174613
k2=0.0257375

[RIGHT_CAM_VGA]
fx=350.181
fy=350.181
cx=359.065
cy=202.894
k1=-0.176231
k2=0.0284887

[STEREO]
Baseline=120
CV_2K=0.0139355
CV_FHD=0.0139355
CV_HD=0.0139355
CV_VGA=0.0139355
RX_2K=-0.00494529
RX_FHD=-0.00494529
RX_HD=-0.00494529
RX_VGA=-0.00494529
RZ_2K=-0.00060555
RZ_FHD=-0.00060555
RZ_HD=-0.00060555
RZ_VGA=-0.00060555



