camera_matrix:
- [720.0, 0.0, 640.0]
- [0.0, 720.0, 360.0]
- [0.0, 0.0, 1.0]
dist: [0.0, 0.0, 0.0, 0.0, 0.0]
height: 720
width: 1280
